0.000000 0.341831 7.046474 63.633821 76.631727 82.512024
14.600527 2.000000 0.341831 6.958347 63.101323 76.377035 82.512024
14.599227 4.000000 0.341831 6.870220 62.509659 76.094044 82.512024
14.597948 6.000000 0.341831 6.782092 61.917994 75.811053 82.512024
14.596838 8.000000 0.341831 6.693965 61.326330 75.528061 82.512024
14.595893 10.000000 0.341831 6.605838 60.734665 75.245070 82.512024
14.595112 12.000000 0.341831 6.517710 60.143001 74.962079 82.512024
14.594494 14.000000 0.341831 6.429583 59.847169 74.962079 82.512024
14.594247 16.000000 0.341831 6.341456 59.551336 74.679087 82.512024
14.594024 18.000000 0.341831 6.253329 59.255504 74.679087 82.512024
14.593850 20.000000 0.341831 6.165201 58.959672 74.679087 82.512024
14.593720 22.000000 0.341831 6.077074 58.663840 74.679087 82.512024
14.593636 24.000000 0.341831 5.988947 58.368008 74.364653 82.512024
14.593573 26.000000 0.341831 5.900819 58.072175 74.364653 82.512024
14.593567 28.000000 0.341831 5.812692 58.072175 74.364653 82.512024
14.593564 30.000000 0.341831 5.724565 58.072175 74.364653 82.512024
14.593563 